25,1002
25,904
25,1001
25,903
25,1000
25,902
25,999
25,901
25,998
25,997
25,900
25,996
25,1024
25,995
25,994
25,899
25,993
25,898
25,992
25,897
25,991
25,990
25,896
25,989
25,831
25,988
25,830
25,829
25,987
25,986
25,828
25,985
25,984
25,983
25,827
25,826
25,825
25,824
25,982
25,981
25,980
25,823
25,979
25,822
25,978
25,821
25,977
25,820
25,976
25,975
25,819
25,974
25,818
25,817
25,973
25,816
25,815
25,814
25,972
25,813
25,971
25,970
25,969
25,812
25,968
25,811
25,967
25,810
25,809
25,966
25,808
25,965
25,964
25,807
25,963
25,962
25,806
25,961
25,805
25,960
25,804
25,895
25,803
25,894
25,802
25,893
25,801
25,892
25,891
25,800
25,890
25,799
25,889
25,798
25,797
25,888
25,796
25,887
25,795
25,794
25,886
25,793
25,792
25,885
25,791
25,884
25,790
25,883
25,789
25,882
25,788
25,881
25,880
25,787
25,879
25,786
25,878
25,877
25,785
25,876
25,784
25,875
25,874
25,783
25,873
25,872
25,782
25,781
25,871
25,870
25,959
25,780
25,869
25,779
25,868
25,778
25,777
25,867
25,866
25,776
25,775
25,865
25,774
25,864
25,863
25,862
25,773
25,861
25,860
25,859
25,772
25,771
25,858
25,770
25,857
25,769
25,856
25,703
25,855
25,854
25,702
25,701
25,853
25,700
25,699
25,852
25,698
25,851
25,850
25,849
25,697
25,696
25,848
25,695
25,847
25,846
25,694
25,693
25,845
25,844
25,692
25,843
25,691
25,842
25,841
25,840
25,690
25,839
25,838
25,689
25,837
25,688
25,836
25,687
25,835
25,686
25,834
25,685
25,833
25,832
25,684
25,683
25,767
25,682
25,766
25,681
25,680
25,679
25,765
25,678
25,764
25,677
25,763
25,676
25,762
25,675
25,761
25,674
25,673
25,760
25,672
25,759
25,671
25,758
25,757
25,670
25,756
25,669
25,755
25,668
25,754
25,753
25,667
25,752
25,666
25,751
25,750
25,665
25,749
25,664
25,748
25,663
25,747
25,662
25,746
25,661
25,768
25,745
25,660
25,744
25,659
25,743
25,658
25,742
25,657
25,741
25,740
25,656
25,655
25,739
25,654
25,738
25,737
25,653
25,652
25,736
25,735
25,651
25,734
25,650
25,733
25,732
25,649
25,648
25,731
25,647
25,730
25,646
25,729
25,645
25,644
25,728
25,643
25,642
25,641
25,727
25,575
25,726
25,574
25,725
25,573
25,724
25,723
25,572
25,722
25,571
25,721
25,720
25,71
25,570
25,569
25,719
25,718
25,568
25,717
25,567
25,716
25,566
25,565
25,715
25,714
25,564
25,563
25,713
25,712
25,562
25,711
25,561
25,710
25,709
25,560
25,708
25,559
25,707
25,558
25,557
25,556
25,555
25,554
25,706
25,553
25,552
25,70
25,551
25,550
25,549
25,548
25,705
25,547
25,704
25,639
25,546
25,638
25,545
25,637
25,544
25,636
25,543
25,635
25,542
25,634
25,541
25,640
25,633
25,632
25,540
25,631
25,539
25,630
25,629
25,538
25,628
25,627
25,537
25,626
25,625
25,536
25,624
25,535
25,534
25,623
25,533
25,622
25,621
25,532
25,620
25,531
25,619
25,530
25,618
25,529
25,528
25,617
25,527
25,616
25,526
25,615
25,525
25,614
25,524
25,613
25,523
25,612
25,522
25,611
25,521
25,610
25,520
25,519
25,609
25,518
25,517
25,608
25,516
25,515
25,607
25,606
25,514
25,605
25,513
25,604
25,603
25,602
25,447
25,601
25,600
25,446
25,599
25,598
25,445
25,597
25,444
25,596
25,443
25,442
25,595
25,441
25,594
25,593
25,440
25,592
25,439
25,591
25,590
25,438
25,589
25,437
25,588
25,436
25,587
25,435
25,586
25,434
25,433
25,585
25,432
25,584
25,583
25,582
25,431
25,581
25,580
25,430
25,579
25,429
25,428
25,427
25,578
25,426
25,577
25,425
25,424
25,576
25,511
25,423
25,510
25,422
25,509
25,421
25,508
25,512
25,507
25,420
25,506
25,419
25,505
25,504
25,418
25,503
25,417
25,502
25,416
25,501
25,500
25,415
25,499
25,498
25,414
25,497
25,413
25,496
25,412
25,411
25,495
25,410
25,494
25,493
25,409
25,408
25,492
25,407
25,406
25,491
25,490
25,405
25,404
25,489
25,403
25,488
25,402
25,487
25,401
25,486
25,400
25,485
25,399
25,484
25,483
25,398
25,482
25,397
25,481
25,396
25,480
25,479
25,395
25,478
25,69
25,68
25,394
25,393
25,477
25,476
25,392
25,475
25,391
25,474
25,473
25,390
25,389
25,472
25,388
25,471
25,470
25,387
25,469
25,386
25,468
25,385
25,467
25,383
25,466
25,465
25,382
25,464
25,463
25,381
25,462
25,380
25,461
25,379
25,460
25,378
25,459
25,377
25,458
25,376
25,375
25,457
25,374
25,456
25,373
25,455
25,372
25,371
25,454
25,370
25,453
25,452
25,369
25,451
25,450
25,368
25,449
25,448
25,367
25,319
25,366
25,318
25,365
25,317
25,384
25,364
25,316
25,363
25,315
25,362
25,314
25,361
25,313
25,360
25,312
25,359
25,311
25,358
25,310
25,309
25,308
25,357
25,307
25,356
25,306
25,305
25,304
25,355
25,303
25,354
25,302
25,353
25,301
25,352
25,300
25,299
25,351
25,298
25,350
25,297
25,349
25,296
25,348
25,347
25,295
25,346
25,294
25,345
25,293
25,344
25,292
25,343
25,342
25,291
25,341
25,340
25,290
25,289
25,339
25,288
25,287
25,338
25,286
25,337
25,285
25,336
25,284
25,335
25,334
25,283
25,333
25,282
25,281
25,332
25,331
25,280
25,279
25,330
25,278
25,329
25,277
25,328
25,276
25,327
25,326
25,325
25,275
25,324
25,323
25,274
25,322
25,273
25,321
25,272
25,271
25,255
25,270
25,254
25,269
25,253
25,268
25,267
25,266
25,252
25,265
25,251
25,264
25,263
25,250
25,262
25,249
25,261
25,248
25,260
25,247
25,259
25,320
25,258
25,246
25,257
25,245
25,256
25,244
25,191
25,243
25,242
25,190
25,241
25,189
25,240
25,188
25,239
25,187
25,238
25,186
25,237
25,185
25,184
25,183
25,236
25,182
25,235
25,181
25,234
25,180
25,179
25,233
25,178
25,232
25,177
25,176
25,231
25,175
25,230
25,174
25,229
25,173
25,228
25,227
25,172
25,226
25,171
25,225
25,170
25,169
25,168
25,224
25,167
25,223
25,166
25,165
25,222
25,221
25,220
25,164
25,219
25,218
25,163
25,217
25,162
25,216
25,161
25,160
25,159
25,158
25,157
25,215
25,156
25,214
25,155
25,154
25,153
25,213
25,152
25,212
25,211
25,151
25,210
25,150
25,209
25,149
25,148
25,208
25,147
25,207
25,146
25,206
25,205
25,204
25,145
25,203
25,144
25,202
25,143
25,201
25,200
25,142
25,199
25,141
25,198
25,140
25,197
25,196
25,139
25,195
25,138
25,194
25,137
25,136
25,193
25,135
25,192
25,134
25,67
25,133
25,132
25,131
25,130
25,66
25,65
25,129
25,128
25,64
25,127
25,63
25,62
25,61
25,60
25,59
25,58
25,57
25,56
25,55
25,54
25,53
25,52
25,51
25,50
25,49
25,48
25,47
25,46
25,45
25,44
25,43
25,42
25,41
25,40
25,39
25,38
25,37
25,36
25,35
25,34
25,33
25,32
25,31
25,30
25,29
25,28
25,27
25,26
25,25
25,24
25,23
25,22
25,21
25,20
25,19
25,18
25,17
25,16
25,15
25,14
25,13
25,12
25,11
25,10
25,9
25,8
25,7
25,6
25,5
25,4
25,3
25,2
25,1
25,0
24,4
24,3
24,2
24,1
24,0
23,1002
23,904
23,1001
23,903
23,1000
23,902
23,999
23,901
23,998
23,997
23,900
23,996
23,1024
23,995
23,994
23,899
23,993
23,898
23,992
23,897
23,991
23,990
23,896
23,989
23,831
23,988
23,830
23,829
23,987
23,986
23,828
23,985
23,984
23,983
23,827
23,826
23,825
23,824
23,982
23,981
23,980
23,823
23,979
23,822
23,978
23,821
23,977
23,820
23,976
23,975
23,819
23,974
23,818
23,817
23,973
23,816
23,815
23,814
23,972
23,813
23,971
23,970
23,969
23,812
23,968
23,811
23,967
23,810
23,809
23,966
23,808
23,965
23,964
23,807
23,963
23,962
23,806
23,961
23,805
23,960
23,804
23,895
23,803
23,894
23,802
23,893
23,801
23,892
23,891
23,800
23,890
23,799
23,889
23,798
23,797
23,888
23,796
23,887
23,795
23,794
23,886
23,793
23,792
23,885
23,791
23,884
23,790
23,883
23,789
23,882
23,788
23,881
23,880
23,787
23,879
23,786
23,878
23,877
23,785
23,876
23,784
23,875
23,874
23,783
23,873
23,872
23,782
23,781
23,871
23,870
23,959
23,780
23,869
23,779
23,868
23,778
23,777
23,867
23,866
23,776
23,775
23,865
23,774
23,864
23,863
23,862
23,773
23,861
23,860
23,859
23,772
23,771
23,858
23,770
23,857
23,769
23,856
23,703
23,855
23,854
23,702
23,701
23,853
23,700
23,699
23,852
23,698
23,851
23,850
23,849
23,697
23,696
23,848
23,695
23,847
23,846
23,694
23,693
23,845
23,844
23,692
23,843
23,691
23,842
23,841
23,840
23,690
23,839
23,838
23,689
23,837
23,688
23,836
23,687
23,835
23,686
23,834
23,685
23,833
23,832
23,684
23,683
23,767
23,682
23,766
23,681
23,680
23,679
23,765
23,678
23,764
23,677
23,763
23,676
23,762
23,675
23,761
23,674
23,673
23,760
23,672
23,759
23,671
23,758
23,757
23,670
23,756
23,669
23,755
23,668
23,754
23,753
23,667
23,752
23,666
23,751
23,750
23,665
23,749
23,664
23,748
23,663
23,747
23,662
23,746
23,661
23,768
23,745
23,660
23,744
23,659
23,743
23,658
23,742
23,657
23,741
23,740
23,656
23,655
23,739
23,654
23,738
23,737
23,653
23,652
23,736
23,735
23,651
23,734
23,650
23,733
23,732
23,649
23,648
23,731
23,647
23,730
23,646
23,729
23,645
23,644
23,728
23,643
23,642
23,641
23,727
23,575
23,726
23,574
23,725
23,573
23,724
23,723
23,572
23,722
23,571
23,721
23,720
23,71
23,570
23,569
23,719
23,718
23,568
23,717
23,567
23,716
23,566
23,565
23,715
23,714
23,564
23,563
23,713
23,712
23,562
23,711
23,561
23,710
23,709
23,560
23,708
23,559
23,707
23,558
23,557
23,556
23,555
23,554
23,706
23,553
23,552
23,70
23,551
23,550
23,549
23,548
23,705
23,547
23,704
23,639
23,546
23,638
23,545
23,637
23,544
23,636
23,543
23,635
23,542
23,634
23,541
23,640
23,633
23,632
23,540
23,631
23,539
23,630
23,629
23,538
23,628
23,627
23,537
23,626
23,625
23,536
23,624
23,535
23,534
23,623
23,533
23,622
23,621
23,532
23,620
23,531
23,619
23,530
23,618
23,529
23,528
23,617
23,527
23,616
23,526
23,615
23,525
23,614
23,524
23,613
23,523
23,612
23,522
23,611
23,521
23,610
23,520
23,519
23,609
23,518
23,517
23,608
23,516
23,515
23,607
23,606
23,514
23,605
23,513
23,604
23,603
23,602
23,447
23,601
23,600
23,446
23,599
23,598
23,445
23,597
23,444
23,596
23,443
23,442
23,595
23,441
23,594
23,593
23,440
23,592
23,439
23,591
23,590
23,438
23,589
23,437
23,588
23,436
23,587
23,435
23,586
23,434
23,433
23,585
23,432
23,584
23,583
23,582
23,431
23,581
23,580
23,430
23,579
23,429
23,428
23,427
23,578
23,426
23,577
23,425
23,424
23,576
23,511
23,423
23,510
23,422
23,509
23,421
23,508
23,512
23,507
23,420
23,506
23,419
23,505
23,504
23,418
23,503
23,417
23,502
23,416
23,501
23,500
23,415
23,499
23,498
23,414
23,497
23,413
23,496
23,412
23,411
23,495
23,410
23,494
23,493
23,409
23,408
23,492
23,407
23,406
23,491
23,490
23,405
23,404
23,489
23,403
23,488
23,402
23,487
23,401
23,486
23,400
23,485
23,399
23,484
23,483
23,398
23,482
23,397
23,481
23,396
23,480
23,479
23,395
23,478
23,69
23,68
23,394
23,393
23,477
23,476
23,392
23,475
23,391
23,474
23,473
23,390
23,389
23,472
23,388
23,471
23,470
23,387
23,469
23,386
23,468
23,385
23,467
23,383
23,466
23,465
23,382
23,464
23,463
23,381
23,462
23,380
23,461
23,379
23,460
23,378
23,459
23,377
23,458
23,376
23,375
23,457
23,374
23,456
23,373
23,455
23,372
23,371
23,454
23,370
23,453
23,452
23,369
23,451
23,450
23,368
23,449
23,448
23,367
23,319
23,366
23,318
23,365
23,317
23,384
23,364
23,316
23,363
23,315
23,362
23,314
23,361
23,313
23,360
23,312
23,359
23,311
23,358
23,310
23,309
23,308
23,357
23,307
23,356
23,306
23,305
23,304
23,355
23,303
23,354
23,302
23,353
23,301
23,352
23,300
23,299
23,351
23,298
23,350
23,297
23,349
23,296
23,348
23,347
23,295
23,346
23,294
23,345
23,293
23,344
23,292
23,343
23,342
23,291
23,341
23,340
23,290
23,289
23,339
23,288
23,287
23,338
23,286
23,337
23,285
23,336
23,284
23,335
23,334
23,283
23,333
23,282
23,281
23,332
23,331
23,280
23,279
23,330
23,278
23,329
23,277
23,328
23,276
23,327
23,326
23,325
23,275
23,324
23,323
23,274
23,322
23,273
23,321
23,272
23,271
23,255
23,270
23,254
23,269
23,253
23,268
23,267
23,266
23,252
23,265
23,251
23,264
23,263
23,250
23,262
23,249
23,261
23,248
23,260
23,247
23,259
23,320
23,258
23,246
23,257
23,245
23,256
23,244
23,191
23,243
23,242
23,190
23,241
23,189
23,240
23,188
23,239
23,187
23,238
23,186
23,237
23,185
23,184
23,183
23,236
23,182
23,235
23,181
23,234
23,180
23,179
23,233
23,178
23,232
23,177
23,176
23,231
23,175
23,230
23,174
23,229
23,173
23,228
23,227
23,172
23,226
23,171
23,225
23,170
23,169
23,168
23,224
23,167
23,223
23,166
23,165
23,222
23,221
23,220
23,164
23,219
23,218
23,163
23,217
23,162
23,216
23,161
23,160
23,159
23,158
23,157
23,215
23,156
23,214
23,155
23,154
23,153
23,213
23,152
23,212
23,211
23,151
23,210
23,150
23,209
23,149
23,148
23,208
23,147
23,207
23,146
23,206
23,205
23,204
23,145
23,203
23,144
23,202
23,143
23,201
23,200
23,142
23,199
23,141
23,198
23,140
23,197
23,196
23,139
23,195
23,138
23,194
23,137
23,136
23,193
23,135
23,192
23,134
23,67
23,133
23,132
23,131
23,130
23,66
23,65
23,129
23,128
23,64
23,127
23,63
23,62
23,61
23,60
23,59
23,58
23,57
23,56
23,55
23,54
23,53
23,52
23,51
23,50
23,49
23,48
23,47
23,46
23,45
23,44
23,43
23,42
23,41
23,40
23,39
23,38
23,37
23,36
23,35
23,34
23,33
23,32
23,31
23,30
23,29
23,28
23,27
23,26
23,25
23,24
23,23
23,22
23,21
23,20
23,19
23,18
23,17
23,16
23,15
23,14
23,13
23,12
23,11
23,10
23,9
23,8
23,7
23,6
23,5
23,4
23,3
23,2
23,1
23,0
22,54
22,53
22,52
22,51
22,50
22,49
22,48
22,47
22,46
22,45
22,44
22,43
22,42
22,41
22,40
22,39
22,38
22,37
22,36
22,35
22,34
22,33
22,32
22,31
22,30
22,29
22,28
22,27
22,26
22,24
22,23
22,22
22,21
22,20
22,19
22,18
22,17
22,16
22,15
22,14
22,13
22,12
22,11
22,10
22,9
22,8
22,7
22,6
22,5
22,4
22,3
22,2
22,1
22,0
21,54
21,53
21,52
21,51
21,50
21,49
21,48
21,47
21,46
21,45
21,44
21,43
21,42
21,41
21,40
21,39
21,38
21,37
21,36
21,35
21,34
21,33
21,32
21,31
21,30
21,29
21,28
21,27
21,26
21,24
21,23
21,22
21,21
21,20
21,19
21,18
21,17
21,16
21,15
21,14
21,13
21,12
21,11
21,10
21,9
21,8
21,7
21,6
21,5
21,4
21,3
21,2
21,1
21,0
20,54
20,53
20,52
20,51
20,50
20,49
20,48
20,47
20,46
20,45
20,44
20,43
20,42
20,41
20,40
20,39
20,38
20,37
20,36
20,35
20,34
20,33
20,32
20,31
20,30
20,29
20,28
20,27
20,26
20,24
20,23
20,22
20,21
20,20
20,19
20,18
20,17
20,16
20,15
20,14
20,13
20,12
20,11
20,10
20,9
20,8
20,7
20,6
20,5
20,4
20,3
20,2
20,1
20,0
19,54
19,53
19,52
19,51
19,50
19,49
19,48
19,47
19,46
19,45
19,44
19,43
19,42
19,41
19,40
19,39
19,38
19,37
19,36
19,35
19,34
19,33
19,32
19,31
19,30
19,29
19,28
19,27
19,26
19,24
19,23
19,22
19,21
19,20
19,19
19,18
19,17
19,16
19,15
19,14
19,13
19,12
19,11
19,10
19,9
19,8
19,7
19,6
19,5
19,4
19,3
19,2
19,1
19,0
18,4
18,3
18,2
18,1
18,0
